0.0 24
0.0 25
0.0 26
0.0 28
0.0 29
0.0 30
0.0 31
0.0 32
0.0 33
0.0 34
0.0 35
0.0 36
0.0 37
0.0 38
0.0 39
0.0 40
0.0 41
0.0 42
0.0 43
0.0 44
0.0 45
0.6539928830186259 46
0.49844531465842024 38
0.15554756836020567 42
0.3814832106745778 38
0.25865738411173145 33
0.013852288232316656 24
0.2421876574528956 38
0.009615570865073586 36
0.09109451798024537 34
0.31109513672041134 42
0.4044608043187452 38
0.2495320786998807 35
0.1089735383305297 38
0.07837663960747898 33
0.4389381286159839 42
0.027704576464633313 24
0.24560489785766748 38
0.16809461882964172 31
0.07067579821848202 37
0.019231141730147172 36
0.1503864263826875 34
0.03180260957780323 38
0.20679346230215678 42
0.2518606771251477 39
0.1635361340135182 33
0.5302479242362237 38
0.0821880940854518 42
0.04155686469695041 24
0.1549287256188645 38
0.01039303960078275 35
0.39627705373155564 40
0.09239406406742301 41
0.07257008934006137 38
0.02884671259521987 36
0.11653027472577815 34
0.15675327921495796 33
0.27929252714260855 42
0.25840531243988796 38
0.3401784176494713 29
0.055409152929266625 24
0.2191527875158119 38
0.27205700819952305 42
0.1082204916203029 31
0.054562595682988047 33
0.1734061503559925 38
0.14135159643696404 37
0.038462283460294344 36
0.20616949968435883 34
0.0946033530810162 35
0.06360521915560646 38
0.41358692460431357 42
0.10753929809712304 39
0.06926144116158284 24
0.32692061499158953 38
0.2351299188224374 33
0.09194234920459898 42
0.5569454042458517 38
0.04807785432536882 36
0.04896962444740538 34
0.043079518062940636 38
0.36342344739088084 43
0.1643761881709036 42
0.08311372939390083 24
0.054410942647541205 38
0.2554465085901878 33
0.0207860792015655 35
0.3233493525793314 40
0.08282181055437654 38
0.1681335865392395 31
0.21824935779016386 42
0.11790091215952181 41
0.06688721597532421 37
0.14514017868012274 38
0.05769342519043974 36
0.026285771247525958 34
0.05580283872323122 46
0.15097193948079912 32
0.12113271207029008 33
0.09696601762621704 24
0.0954078287334088 38
0.02379065680387349 42
0.48084641795184524 44
0.05394797952949837 28
0.06179533262125503 38
0.4550152922585209 39
0.07704251851205335 29
0.06013973962679664 42
0.06032537253784831 38
0.10305910844022215 35
0.22394335515494745 33
0.06730899605551421 36
0.08853774497156053 34
0.11081830585853325 24
0.4383055750316238 38
0.2156873079870003 42
0.3284267084120458 38
0.2164409832406058 31
0.10912519136597609 33
0.28275800667141837 38
0.06405429404056662 42
0.18250998821579145 37
0.10019320465813664 24
0.024477389432714602 36
0.052447177487874086 38
0.41233899936871765 34
0.031179118802349137 35
0.15802758735968325 40
0.12721043831121293 38
0.14514758099738856 42
0.38163486371002264 33
0.30039140450121593 38
0.07641928631514361 39
0.13865930987910247 41
0.11018575227417315 24
0.02833713004899252 42
0.21771026802018412 38
0.08654013778566139 36
0.34959082417733356 34
0.00015165303544861786 33
0.06520367727005194 38
0.4049045073393742 26
0.10392342166028357 42
0.0799612767489144 31
0.21525409815671281 38
0.2863636143064312 35
0.1523751705554801 24
0.10651893438067006 38
0.2080416818685542 37
0.06677094138990824 42
0.07856636783394677 33
0.09615570865073764 36
0.09793924889481076 34
0.08615903612588127 38
0.03506401817515581 43
0.5327698287175906 29
0.15901304788901527 38
0.3287523763418072 42
0.16622745878780165 24
0.10882188529508241 38
0.43016559108609087 33
0.08072742609428474 39
0.03427798054316611 35
0.0034654795288133755 38
0.0038286983311515144 42
0.04079852204738543 40
0.10577127951581033 36
0.500128903595467 34
0.16564362110875308 38
0.30826951488975496 31
0.016391959971151948 24
0.011605698217572069 33
0.15208208883139562 42
0.2844166267489321 38
0.23580182431904362 41
0.13377443195064842 37
0.2902803573602455 38
0.05608286846678112 36
0.05930398191409836 42
0.052571542495051915 34
0.11160567744646244 46
0.0841484553359848 32
0.21779542362561344 38
0.15238740014996566 33
0.08987802399061451 35
0.10143223671490986 24
0.09249979853752421 30
0.1908156574668176 38
0.04758131360774698 42
0.4155959119440631 44
0.5324680148131371 38
0.013628909146490287 36
0.05318171034056007 28
0.054714248718436664 33
0.003477553040468706 38
0.03179053606614346 34
0.08832257613589789 42
0.2876578537239105 39
0.03496004056745505 31
0.2077843234847485 24
0.3796283667409277 38
0.1540850370241067 29
0.12027947925359328 42
0.12065074507569662 38
0.05196519800391286 35
0.1073091416570513 40
0.046843877219480134 37
0.32722392106248677 33
0.12066278924740814 38
0.13461799211102843 36
0.12288505404638883 34
0.054190435896732225 42
0.2216366117170665 24
0.6539928830186241 38
0.054259289612097916 38
0.13776327306941738 33
0.03059570436310821 41
0.4313746159740006 42
0.36285044670030686 38
0.05565353636893633 36
0.08858002660716835 24
0.018027539718033836 34
0.12888133362418586 35
0.0028605338054603635 38
0.0642101648789577 31
0.06216785550439852 42
0.23294818293364727 43
0.07355576316420809 39
0.21825038273195219 33
0.5655160133428367 38
0.08847686967578738 42
0.03963171840534585 38
0.3650199764315829 37
0.20038640931627327 24
0.048954778865429205 36
0.10489435497574817 38
0.05833847296687367 34
0.24673561704000946 33
0.24402443803599283 42
0.27557947069455935 38
0.062358237604698274 35
0.3160551747193665 40
0.25442087662242585 38
0.13637852998218136 42
0.15391663201259576 24
0.0933176405636118 33
0.015959203837809355 29
0.19323287858747307 38
0.05523255307565478 36
0.1082321516305953 31
0.297295299724901 34
0.0988733082622204 38
0.5019095007402115 42
0.05321007401619937 39
0.09962849861408785 38
0.17257786765906502 41
0.10474075209913991 33
0.07638411672035517 24
0.14398738782799114 37
0.05667426009798504 42
0.026047391994680424 38
0.4093731440456878 35
0.17308027557132277 36
0.04549207140693312 34
0.0333652423356412 38
0.16740851616969366 46
0.2409972960550988 32
0.21191852238730036 42
0.0003033060708972357 33
0.36309483013997124 38
0.2908980528786529 24
0.2862234862002282 38
0.07137197041161869 42
0.13647487290894844 44
0.1599225534978288 31
0.023615310474632167 38
0.18269584643640258 36
0.17486874769264915 34
0.049328291709741734 33
0.07275127720547658 35
0.15073340949972192 40
0.13067591784002275 38
0.21856662406764116 42
0.14290640252247044 24
0.16184393858848978 28
0.18538599786376864 38
0.027651870897571484 39
0.4160833637371084 37
0.024871650520182698 42
0.10867023225963379 38
0.15713273566789354 33
0.19231141730147527 36
0.19587849778962152 34
0.17231807225176254 38
0.07012803635031162 43
0.0929441450732682 29
0.13818341046289362 24
0.18041921888038814 42
0.007234434546667501 38
0.1737416830668792 41
0.3091773253206682 35
0.1638394400844163 33
0.08568234435983868 38
0.23234375141819186 31
0.18996452960239196 42
0.14600225763820163 36
0.055924730528346345 38
0.2656132349146745 34
0.3324549175756033 24
0.1624785274178251 38
0.05516524317233973 42
0.4090936148584845 33
0.027255497569974807 37
0.42398206974372243 38
0.16145485218856948 39
0.06855596108633222 35
0.006930959057626751 38
0.007657396662303029 42
0.08159704409477087 40
0.21150027739601285 36
4.22816356078215e-05 24
0.29139902241842464 34
0.05486590175388528 33
0.5053762737160383 38
0.1486166093025858 42
0.33128724221750616 38
0.32270564080111797 31
0.29383338897839195 38
0.032783919942303896 24
0.011755748346899964 33
0.011455648088244175 36
0.2097024818084492 42
0.09446169585434205 34
0.3359048432324059 38
0.2329284102654583 35
0.08515962952075995 41
0.19428113699562743 38
0.19216288212169985 42
0.1144074019246375 37
0.15314146197665934 29
0.054107636576645746 38
0.22587346416943177 33
0.30057961397441346 24
0.07343216829813315 36
0.00858525860505921 38
0.030148310030369885 39
0.11860796382819672 42
0.4966513505549983 34
0.4355908472512269 38
0.1015880360426209 33
0.03971325678132587 42
0.07710074294345759 31
0.08637276453252696 38
0.17975604798122902 35
0.38786407050486815 24
0.1687554891547549 38
0.2128758257788803 36
0.02751344584795845 42
0.24484812223703045 34
0.16308117490717677 38
0.49091170811145446 33
0.22608374657342978 38
0.02619277770801176 42
0.4017163587371826 24
0.4109431466076501 38
0.13362123897410072 36
0.10942849743687333 33
0.006955106080937412 38
0.06358107213228692 34
0.5834567048053998 42
0.5689814928716501 38
0.08501139014697401 42
1.1406405283236722 38
0.0 24
0.0 26
0.0 28
0.0 29
0.0 30
0.0 31
0.0 32
0.0 33
0.0 34
0.0 35
0.0 36
0.0 37
0.0 38
0.0 39
0.0 40
0.0 41
0.0 42
0.0 43
0.0 44
0.0 45
0.7980284004224885 46
0.37576156022102225 38
0.4222668402014591 42
0.09649596697661167 38
0.038167517238228754 24
0.5358456453432794 33
0.0810139908839389 34
0.04650527998042975 42
0.6872996093180035 38
0.06647186935158089 35
0.04425692175289697 36
0.19299193395323044 38
0.0763350344764504 24
0.05992931181091876 33
0.46877212018188885 42
0.22699943750389906 38
0.3159904211898521 31
0.10112529503207668 34
0.060902686735801126 39
0.08930471955362407 42
0.003705840407235428 41
0.2894879009298421 38
0.11450255171467916 24
0.3940379477779601 33
0.28275100026016275 38
0.29381981795336287 42
0.13294373870316178 35
0.08851384350579394 36
0.3859838679064609 38
0.02948671992294294 24
0.12318334902995787 34
0.11985862362183752 33
0.12823886381046634 42
0.011276976130830008 29
0.7980284004224814 38
0.15628268371388288 38
0.07996303656585724 40
0.2177531547280438 42
0.008027996450195474 31
0.020452963425086068 37
0.19083758619113667 24
0.12471097934827924 33
0.2879513169650352 38
0.1778907101440126 34
0.02435987992012656 35
0.12180537347158804 39
0.05325035466303518 42
0.12535908444422716 36
0.007411680814470856 41
0.57897580185967 38
0.21905259856281134 24
0.009952504866561185 38
0.17978793543274207 33
0.6082879601231781 42
0.16043204610066653 38
0.4050699544196732 34
0.10996976831596328 42
0.12255663158617836 24
0.1446159890814016 38
0.2104972469231683 33
0.26588747740632357 35
0.059997599100796606 36
0.11703008791080549 31
0.1432351603188664 38
0.6287325754940412 42
0.02606066460957379 24
0.032912775236312086 38
0.24636669805992994 34
0.05700918703627167 33
0.18270806020738917 39
0.2564777276209327 42
0.011436431039953732 29
0.011117521221692073 41
0.5064612373580815 38
0.2915671630644141 43
0.07043530236703077 38
0.02629457797141299 24
0.14765456456163406 42
0.11819010232383675 35
0.051368410287153665 32
0.16280083414690694 33
0.1266781131364496 36
0.09460649562805656 34
0.31256536742776575 38
0.15992607313171447 40
0.23905562127521307 42
0.08648133858778806 46
0.10996934959310067 38
0.016055992900376737 31
0.040905926850172136 37
0.38167517238227333 24
0.24942195869655848 33
0.05022460035802112 38
0.21285708929907798 42
0.31282094427297125 26
0.22212576649242521 34
0.13365565379559996 38
0.04871975984025312 35
0.08105182268440103 39
0.16255892425878926 24
0.10650070932604194 42
0.150783056035678 36
0.09993511285279055 33
0.0148233616289275 41
0.28699820689865874 38
0.5110301935238368 44
0.0037193203775700567 38
0.35620388291930283 42
0.0884601597688146 24
0.34964503735679386 34
0.01990500973310816 38
0.31706377736388447 33
0.04251209350161389 31
0.3847165914313848 42
0.03383092839249002 29
0.022926862691136307 38
0.43349230758235535 35
0.03181077787870379 24
0.26701249266744753 36
0.042785959602838375 42
0.1545684939479628 38
0.16629559825337026 33
0.4771643082211483 34
0.028462166939206668 38
0.3045134336789914 39
0.21993953663191235 42
0.2265840611362222 24
0.01852920203616293 41
0.289231978162789 38
0.17961607297885962 33
0.2398891096975575 40
0.0014893111699336714 42
0.08780192841334156 35
0.1933448213369786 38
0.25062820506231276 34
0.045937062606057566 36
0.07405813559553565 30
0.02408398935057221 31
0.061358890275272415 37
0.14861729619576636 24
0.286470320637747 38
0.1374251417398824 42
0.3741329380448519 33
0.6622318808587693 38
0.0836751903445645 42
0.05212132921914758 24
0.06582555047260996 38
0.4927333961198741 34
0.04093873431217787 33
0.07307963976036547 35
0.12545107975745395 39
0.13725034404625092 38
0.10271469661107346 28
0.1597510639890629 42
0.35320439125278824 36
0.022872862079907463 29
0.022235042443412567 41
0.04437463775745698 38
0.5713519631208896 24
0.07749582992896364 42
0.04311224922341239 33
0.05463298207405387 34
0.007060738317704818 31
0.21489407429366736 38
0.583134326128814 43
0.14087060473407576 38
0.05258915594282598 24
0.29530912912328233 42
0.2363802046476593 35
0.0728793059746522 32
0.029857514599669344 38
0.3256016682938139 33
0.21376213800442656 36
0.03959408826845845 42
0.18921299125611313 34
0.23736657171068032 38
0.28129750225767225 24
0.10646666088717893 39
0.17289766556694985 40
0.14695448069646488 38
0.017566518118044883 42
0.46054472443239547 33
0.14702179432494233 46
0.025940882850633784 41
0.21993869918620135 38
0.03211198580075347 31
0.08181185370034427 37
0.04417756000840711 24
0.10325603960630758 35
0.04141990261547335 34
0.27531235950500843 42
0.2991844830293502 38
0.01201777811124316 33
0.486826139281888 36
0.10044920071602803 38
0.32990930494788984 42
0.09580487365028034 24
0.21548014045414732 26
0.05638488065415004 29
0.3537768674376309 38
0.08007109980655969 34
0.04236279369285967 33
0.3218176394854311 42
0.26731130759121413 38
0.09743951968049203 35
0.16210364536881627 39
0.2711739277819589 24
0.05394392073560539 38
0.21300141865208388 42
0.17999279730238982 36
0.12157331476896616 31
0.1998702257055669 33
0.029646723257869212 41
0.2262575965732765 38
0.20344788438335115 34
0.14429093284068983 42
0.04935402581983794 44
0.17467796080532594 24
0.7031749356738857 38
0.0948534647486099 33
0.007438640755168535 38
0.14914387573156773 42
0.5632638901070237 35
0.061567011975654395 24
0.01661498185306698 40
0.09873832570890784 38
0.12395009192587736 34
0.1605117833414056 36
0.4148281994463048 42
0.03981001946621632 38
0.171027561108815 33
0.4630999936189397 39
0.04013998225094895 31
0.044884204752293044 37
0.03906663922526832 42
0.01831397314788319 38
0.7120525704896181 24
0.034309293119875406 29
0.0045716185096580375 41
0.028780945155446602 34
0.045853725382272614 38
0.12861977829879834 35
0.1622214173146972 33
0.4613334794267132 42
0.11480994012450196 38
0.06362155575739337 24
0.5340249853349093 36
0.008898830434958427 42
0.07667308877071832 43
0.3091369878959256 38
0.3325911965067547 33
0.15630021601981525 34
0.21130590710110653 38
0.07888373391422476 24
0.4429636936849448 42
0.06487506572220525 35
0.056924333878399125 38
0.04598427739699673 39
0.34089186083537015 31
0.22215072912560174 33
0.1320771991861278 42
0.13417457412899125 38
0.17362729994871984 36
0.20640703946058636 24
0.24676108281184383 34
0.03705840407234007 41
0.24368436103489444 38
0.3347795952906978 42
0.21956444409688913 33
0.13966770186080169 38
0.2646301391935424 40
0.21514808020158682 24
0.002978622339867343 42
0.1756038568266831 35
0.3866896426739572 38
0.3264377978664754 34
0.0059621269662528675 33
0.07893883291579584 29
0.08991765237610139 38
0.10726142867838462 36
0.1327289677248018 42
0.04816797870113021 31
0.12271778055054483 37
0.200245679573257 24
0.09698891281827571 39
0.5729406412755083 38
0.2250877591469873 42
0.0497625243327775 38
0.20940784747679686 33
0.2525253806817318 34
0.08559402251626125 35
0.15997438093532423 24
0.040764244479589706 41
0.15067380107403494 38
0.6473545993484464 42
0.0456607306231831 38
0.13876527792444904 36
0.34200935274743927 33
0.16735038068911479 42
0.10424265843829517 24
0.13165110094521992 38
0.42525638533795984 34
0.2411209141393016 31
0.1041685210936123 38
0.21492097166887447 42
0.08187746862435574 33
0.38931474757396245 35
0.007746691461690602 24
0.47993008131463455 38
0.3180983191078468 42
0.0014038088702932328 38
0.0027280212105580404 36
0.4496211468964617 34
0.3442754234451826 33
0.057663241113175445 38
0.031086034401738516 42
0.7092791249075674 24
0.4334248013342119 38
0.36460359908826945 42
